"length","","",""
1042.88888888889,933.222222222222,956.444444444444,854.222222222222
0,0,0,0
0,0,0,0
0,0,0,0
0,0,0,0
0,0,0,0
521.827754050988,172.488813989627,-449.084933747299,616.597438710587
0,0,0,0
0,0,0,0
0,0,0,0
0,0,0,0
0,0,0,0
0,0,0,0
0,0,0,0
0,0,0,0
0,0,0,0
0,0,0,0
0,0,0,0
0,0,0,0
0,0,0,0
0,0,0,0
0,0,0,0
0,0,0,0
0,0,0,0
0,0,0,0
0,0,0,0
0,0,0,0
0,0,0,0
0,0,0,0
155.821993750654,201.681874850726,-770.257306548805,528.972473177403
0,0,0,0
0,0,0,0
0,0,0,0
0,0,0,0
0,0,0,0
0,0,0,0
0,0,0,0
0,0,0,0
0,0,0,0
-302.59778725849,600.002509227876,716.728527570227,-376.258892421913
0,0,0,0
0,0,0,0
0,0,0,0
0,0,0,0
0,0,0,0
0,0,0,0
0,0,0,0
-819.156597058316,-1462.05357034057,443.706062885846,-1948.41609025916
0,0,0,0
0,0,0,0
0,0,0,0
0,0,0,0
0,0,0,0
0,0,0,0
-125.516184660585,-117.928573817785,-1617.53878106392,567.465540430262
0,0,0,0
0,0,0,0
0,0,0,0
133.928488073664,-337.338141534581,-368.554594230581,145.963496971642
0,0,0,0
993.437648937066,696.285786476139,-1472.59430260137,2031.48951587125
0,0,0,0
0,0,0,0
0,0,0,0
0,0,0,0
277.801533212014,45.9260240640614,-409.046049264835,610.788110528624
0,0,0,0
0,0,0,0
0,0,0,0
0,0,0,0
0,0,0,0
0,0,0,0
0,0,0,0
0,0,0,0
0,0,0,0
0,0,0,0
0,0,0,0
0,0,0,0
0,0,0,0
0,0,0,0
0,0,0,0
0,0,0,0
0,0,0,0
0,0,0,0
0,0,0,0
0,0,0,0
0,0,0,0
0,0,0,0
0,0,0,0
0,0,0,0
268.1498383332,328.144126475526,-1631.154785639,483.438104097301
0,0,0,0
93.6411134443556,913.48141604012,272.692054111135,-196.571058614245
0,0,0,0
0,0,0,0
0,0,0,0
0,0,0,0
0,0,0,0
0,0,0,0
0,0,0,0
0,0,0,0
