"V1","V2","V3","V4"
1042.88888888888,933.222681335333,956.444444465329,854.222222330337
321.271405893095,0,0,0
0,0,0,0
600.964039360906,0,1492.88247881656,0
0,0,0,0
0,0,0,0
429.702986953441,0,0,0
0,0,8626.92519669583,-303.404594038204
-818.171963994388,0,0,0
0,0,0,530.970521614681
0,0,-2902.2316641806,0
0,0,0,0
0,0,0,0
0,-284.760510917841,0,0
0,0,0,0
0,0,0,0
0,-267.665261189569,0,0
-187.440093672432,-404.868644309861,0,0
0,0,0,0
0,0,0,482.094943921244
0,335.040553992954,1551.57119353825,0
-340.078039101624,0,0,0
0,0,0,0
0,0,0,0
-291.952132077233,0,1489.43706667594,0
0,0,0,0
0,0,0,0
0,0,0,0
0,0,0,0
0,0,1663.93067738728,0
0,353.796863121837,0,421.354390673242
0,0,0,0
0,0,0,0
0,0,0,0
613.25292394046,0,1763.74811730929,809.091696142633
0,0,0,0
0,0,0,0
0,0,0,0
0,0,0,0
0,0,0,422.748070577178
0,0,0,0
0,0,0,0
0,0,0,0
0,0,0,0
0,0,0,488.784553969876
0,0,0,0
0,315.537471641282,0,0
0,-344.21074059977,0,0
0,0,0,486.646777402067
0,0,-2748.6939393364,419.390131620458
0,0,0,493.485426815724
0,380.325073048086,-1581.88956430172,0
0,0,0,0
0,0,0,0
0,0,-1660.74428161453,0
0,0,0,354.109040158043
0,389.207148279165,0,0
0,0,0,0
0,0,0,0
0,0,0,0
0,0,0,0
0,0,0,0
198.156528364565,0,0,0
0,0,0,0
0,0,0,0
0,382.683974966026,0,651.242803263766
0,0,0,0
0,-442.36932527003,0,-416.491724690895
-264.768624519501,0,0,0
0,0,0,0
0,0,0,0
624.191818380593,0,-2225.03097641024,0
0,0,0,0
0,0,0,0
0,0,0,0
0,-583.646736703541,0,0
0,0,0,0
0,0,0,0
0,0,0,0
0,0,0,0
0,0,-1493.62939473173,621.723064082964
0,0,0,0
0,0,0,0
-371.884172539476,0,0,0
0,0,0,0
0,0,2506.59771544596,0
0,-402.433333325647,0,0
217.001594464671,0,0,-831.22084150292
0,0,0,0
0,561.446205081669,1610.98312077088,0
-108.293557884559,0,0,0
0,0,0,0
0,0,0,0
0,0,0,0
0,0,0,0
0,0,0,0
0,310.171327181183,-1944.44538363414,0
0,0,0,0
0,0,0,0
219.174401692219,0,0,0
0,0,0,0
