"length","","",""
1042.88888888889,933.222222222222,956.444444444444,854.222222222222
0,0,0,0
0,0,0,0
0,0,0,0
0,0,0,0
0,0,0,0
0,68.801293663804,0,55.6615832430925
0,71.5726655044761,0,75.2058824030532
0,0,0,-51.1569910786393
0,0,0,-24.6259761585169
0,0,0,0
0,0,0,0
0,0,0,0
0,0,0,0
0,0,0,0
0,0,0,0
0,0,0,0
0,0,0,0
0,0,0,0
0,0,0,0
0,0,0,0
0,0,0,0
0,0,0,0
0,0,0,0
0,0,0,0
0,0,0,0
0,0,0,0
0,0,0,0
0,0,0,0
0,0,0,0
0,0,67.4490856346266,0
0,0,-47.166594265585,0
0,0,18.395503567042,0
0,0,35.9027218660028,0
0,0,0,0
0,0,0,0
0,0,0,0
0,0,0,0
0,0,0,0
0,0,0,0
0,0,0,0
0,0,0,0
0,0,0,0
-47.1022227898594,0,0,0
36.9294136930399,0,0,0
44.4228521352253,0,0,0
23.8257116208815,74.548157018171,0,0
-44.9671219375766,-49.1922284631585,0,0
0,-35.6457346313785,0,0
21.2941751731016,69.0715617119773,0,0
0,0,0,0
0,0,0,0
0,0,0,0
0,0,0,0
0,0,0,0
0,0,0,0
0,0,0,0
0,0,0,0
0,0,0,0
0,0,0,0
0,0,0,0
0,0,0,0
0,0,0,0
0,0,0,0
0,0,0,0
0,0,0,0
0,0,0,88.9665706981641
0,0,0,0
0,0,0,27.9937863171321
0,0,0,0
0,0,0,0
0,0,0,0
0,0,0,0
0,0,0,0
0,0,0,0
0,0,0,0
0,0,0,0
0,0,0,0
0,0,0,0
0,0,0,0
0,0,0,0
0,0,0,0
182.581889987375,0,0,169.963012721259
115.653313598187,0,0,103.882514136405
0,0,0,0
-50.5486630455078,0,0,85.0524349584762
0,14.8593095332823,0,0
0,-5.81446707361598,0,0
0,-1.9506203335835,0,0
0,13.0708711109618,0,0
34.662987925665,25.2111387923827,0,0
-25.5489353515901,-22.1723562206361,0,0
0,0,0,0
25.3318045421924,41.527710718327,0,0
0,0,0,0
0,0,0,0
0,0,0,0
0,0,0,0
0,0,0,0
0,0,0,0
0,0,0,0
