"V1","V2","V3","V4"
1042.88888888898,933.222175241357,956.444444392203,854.270626988314
0,0,0,0
0,0,0,0
0,0,0,-276.165369255185
0,0,0,0
0,0,0,0
0,0,0,288.986502085969
-258.642178136236,0,0,0
-213.658332496313,0,0,0
0,0,0,0
0,0,-2804.09772525288,0
0,-569.506867607778,0,0
0,0,0,0
0,0,0,0
0,0,0,0
0,0,0,0
0,0,0,0
0,-569.03715319321,-1621.00113024686,0
0,0,-1697.77498112469,0
0,0,0,0
0,0,0,0
-187.2722678237,0,0,0
0,0,0,0
0,0,0,0
0,0,0,0
0,0,0,298.619210166684
0,0,0,0
0,0,0,0
0,0,0,0
0,0,0,0
0,0,0,0
0,0,0,0
0,0,0,0
0,0,0,0
599.479771688321,0,1692.29733620027,0
0,0,0,0
0,0,0,0
0,0,0,382.846666716624
0,0,0,0
0,0,0,0
0,0,0,0
0,0,-2103.24142240046,0
0,0,0,0
0,0,0,0
0,0,0,0
0,0,0,0
0,0,-2610.30325370061,0
0,-372.425306883708,0,0
0,0,0,0
0,0,0,0
0,0,0,396.72952135484
0,0,-1804.12067155216,0
0,0,0,0
655.692021189067,389.482737361084,1659.12263967101,0
0,0,0,0
0,0,0,0
0,441.472949967195,0,0
0,0,0,0
0,0,0,0
0,0,0,0
0,-456.944800065955,0,0
0,0,0,0
0,0,0,0
0,0,0,0
0,0,0,0
82.198644162315,0,0,393.567075933662
0,0,0,0
0,-634.167853283645,-1695.28636311338,-268.272788447981
0,-682.63686726633,0,231.446872625847
0,0,0,0
0,0,0,0
0,370.819781661195,0,0
0,0,0,0
0,0,0,0
0,0,0,0
0,0,0,0
646.9626962093,0,0,0
0,0,0,0
0,0,0,0
0,0,0,0
0,0,0,0
0,0,0,245.768340243638
0,0,0,0
0,0,0,0
0,0,0,0
0,0,0,0
0,0,0,0
0,0,0,0
0,0,0,0
0,561.948085445543,1016.09357351498,441.351634617522
-429.28032947473,0,0,0
0,0,0,0
0,0,0,0
345.803349628533,0,0,0
0,0,0,0
0,0,0,0
-329.434953691292,0,0,0
0,0,0,0
0,0,0,0
0,0,0,0
0,0,0,0
