"V1","V2","V3","V4"
1042.88888888884,933.2222222222,956.444444444445,854.222222222214
0,0,0,0
0,0,0,0
0,0,0,-401.226255769393
0,0,0,0
156.148711177087,0,0,0
719.841087968221,186.522001118789,-178.952842758334,0
0,0,0,0
-132.863076465224,0,0,0
0,0,0,0
-530.55780335723,0,0,0
-159.679409486222,-224.225660944771,0,0
0,0,0,0
0,0,0,0
0,0,-431.411844392181,0
0,0,0,0
0,0,0,0
0,-201.185165265886,0,0
0,0,0,0
0,0,-110.980244411414,0
0,0,0,0
0,0,0,0
0,-184.910986629264,0,0
0,0,0,0
0,0,0,0
0,0,0,0
0,0,0,0
0,0,0,0
0,0,0,0
0,0,0,0
367.00634691525,0,0,0
0,0,0,0
0,0,0,0
0,0,0,0
114.217816704876,0,0,0
0,0,0,305.393600174441
0,-192.890729780891,0,0
0,0,0,0
0,0,0,0
0,0,0,0
279.801651263678,220.027716793458,0,0
0,0,-337.201281747684,0
0,0,-76.9151666228954,0
0,0,0,0
0,0,0,0
0,0,0,0
0,191.725431863857,0,169.95872935113
0,0,0,0
0,0,0,0
0,0,0,0
0,0,0,0
-422.103118823795,0,0,0
0,0,0,0
0,0,0,0
0,0,-131.94467825964,-124.433628129285
0,0,-595.717025567132,0
0,0,0,0
0,0,0,0
0,0,0,0
0,0,0,-155.135124867204
0,0,0,0
0,0,0,0
0,0,0,0
0,0,0,0
0,0,0,0
0,0,0,631.668453855205
0,0,0,0
0,0,-204.277347024439,0
0,0,0,0
0,0,0,0
0,0,0,0
0,0,0,0
0,0,0,0
0,0,0,0
0,0,0,0
0,0,0,0
0,0,0,0
0,0,0,0
0,0,0,0
0,0,0,0
0,0,-118.813097497474,0
0,0,0,739.177220031484
0,0,0,0
0,0,0,-221.298923452471
0,0,0,0
0,0,0,0
0,0,0,0
0,0,0,0
0,0,0,0
206.606764725975,319.427415057505,0,178.964561900372
0,0,-319.866168476948,307.022029916163
0,0,0,0
0,288.47896714739,0,0
0,0,0,0
0,0,0,0
0,0,0,0
0,0,0,0
0,0,0,0
0,0,0,0
0,-167.886213016875,0,0
0,0,0,0
