"V1","V2","V3","V4"
1023.12000000006,907.057489809065,973.231347133832,841.616326720694
0,0,0,0
0,0,0,0
0,0,0,0
0,0,459.15251928054,0
0,46.7842310841552,-421.39663171592,0
0,68.6287544002747,0,0
0,59.2729208031474,0,0
0,45.624325672026,0,-47.1580428496204
-136.125692650064,0,0,-57.0295453263525
0,0,0,-70.9095828419645
0,0,0,-78.1368762583219
0,0,-2048.66482255274,0
0,0,0,-73.8649612928843
0,0,0,0
0,0,0,0
0,0,0,0
0,0,0,0
0,0,0,0
0,0,-491.977571587785,0
0,0,0,0
0,0,0,0
0,0,0,0
0,0,0,0
0,0,0,0
0,0,0,0
0,0,0,0
0,0,537.532607281741,0
0,0,0,0
0,0,0,0
0,0,0,0
0,0,0,0
0,0,0,0
0,0,0,0
0,0,0,0
0,0,0,0
0,0,0,0
0,0,0,0
0,0,0,0
0,-41.9209099195501,0,0
0,-39.7307980245706,0,0
0,-37.2352463465382,0,0
0,0,0,0
0,0,0,0
0,0,0,0
0,0,0,0
0,0,0,0
0,0,0,0
0,0,0,47.2706473825566
0,0,1741.40672792692,49.0878182541777
0,0,0,49.8671280060773
0,0,0,51.8138954497908
0,0,0,53.9009346931446
0,0,0,53.6023088584962
0,0,0,56.2534822173713
0,0,0,58.9836399067858
0,0,0,57.1548854220253
0,0,0,59.0108147985469
0,0,0,57.752659456297
0,0,0,55.7314754204768
0,0,0,56.4603940169646
0,0,0,53.7955058548648
0,0,0,53.8612434421136
0,0,0,50.6643501854299
0,0,0,50.7653840114037
0,0,0,48.4356431600831
0,0,0,47.3131650462241
0,0,0,44.5543691153395
0,0,0,43.811661681869
0,0,0,0
0,0,0,0
0,0,0,0
0,0,0,0
0,0,0,0
92.0513729331572,0,0,0
0,0,0,0
0,0,0,0
0,0,0,0
0,0,0,0
0,0,0,0
0,0,0,0
0,0,0,0
0,0,0,0
0,0,0,0
123.178184449129,0,0,0
0,0,0,0
0,0,0,0
0,0,0,0
0,0,0,0
0,0,0,0
0,0,0,0
0,0,0,0
0,0,0,0
0,0,0,0
0,0,0,0
0,0,0,0
0,0,0,0
0,0,0,0
0,0,0,0
0,0,0,0
0,0,0,0
0,0,0,0
0,0,0,-44.2202738547888
0,0,0,-46.3949593471857
0,0,0,-48.5064711693861
0,0,0,-51.9721722132978
0,0,0,-54.7726859172864
0,0,0,-60.2822062624321
0,0,0,-60.4939547483156
0,0,0,-65.8519029110067
0,0,0,0
0,0,0,0
0,0,0,0
0,0,0,0
0,0,0,0
0,0,0,-76.538940197164
0,0,-2298.92383141747,-79.4716673215767
0,0,0,-81.6614263072548
0,0,0,0
0,0,0,0
0,0,0,0
0,0,0,0
0,0,0,0
0,0,0,0
0,0,0,0
0,0,0,0
0,0,0,0
0,0,0,0
0,0,0,0
0,0,0,0
0,0,0,0
0,0,0,0
0,0,0,0
0,0,0,0
0,0,0,-69.3537357031276
0,0,0,0
0,0,0,0
0,0,0,-69.3958255391553
0,0,0,-60.7354438805035
0,0,0,0
0,0,0,0
0,0,0,0
0,0,0,0
0,0,0,0
0,0,0,0
0,0,0,0
0,0,0,0
0,0,0,0
0,0,0,0
0,0,0,0
0,0,0,0
0,0,0,0
0,0,0,0
0,0,0,0
0,0,0,0
0,0,0,0
0,0,0,0
0,0,0,0
0,0,0,0
0,0,0,0
0,0,0,0
0,0,0,0
0,0,0,0
0,0,0,0
0,0,0,0
0,0,0,0
0,0,0,0
0,0,0,0
0,0,0,0
106.764111746901,0,0,0
0,0,0,0
0,0,0,0
0,0,0,0
91.3224894344482,0,0,0
0,0,0,0
0,0,0,0
69.5390196589992,0,0,0
84.8846931483366,0,0,0
0,0,0,0
0,0,0,0
0,0,0,0
0,0,0,0
0,0,0,0
0,0,0,0
0,0,0,0
0,0,0,0
0,0,0,0
0,0,0,0
0,0,0,0
0,0,785.971163079161,0
0,0,716.903757190304,0
0,0,511.352064022355,0
0,0,553.190725297746,0
0,0,413.508638131811,0
0,0,0,0
0,0,395.04823166066,0
0,0,0,0
0,0,0,0
0,0,0,0
0,0,0,0
0,0,0,0
0,0,0,0
0,0,0,0
0,0,0,0
0,0,0,0
0,0,0,0
0,0,0,0
0,0,0,0
0,0,0,0
0,0,0,0
0,0,0,0
0,0,-443.500597075842,0
0,0,-574.366017927149,0
0,0,-479.425374450326,0
0,0,-655.90489879579,77.8885571540429
0,0,-697.150491128588,82.3584185489601
0,0,-698.057804784649,78.1600850904139
0,0,-795.107503984832,72.7485722078586
0,0,-693.483784412153,45.982653282636
0,0,-610.598104893036,0
0,0,-491.66795979765,0
0,0,-486.136340133825,0
0,0,0,0
0,0,0,0
0,0,0,0
0,0,0,0
0,0,0,0
0,0,0,0
0,0,0,0
0,0,0,0
0,0,0,0
0,0,0,0
0,0,0,0
0,0,0,0
0,0,0,0
0,0,0,0
0,0,0,0
0,0,0,0
0,0,0,0
0,0,0,0
0,0,0,0
0,0,520.29813616598,0
0,0,0,0
0,0,0,0
0,0,0,0
0,0,0,0
0,0,0,0
0,0,0,0
0,0,0,0
0,0,0,0
0,0,0,0
0,0,0,0
0,0,0,0
0,0,0,0
0,0,0,0
0,0,0,0
0,0,0,0
0,0,0,0
0,0,0,0
0,0,0,0
0,0,0,0
0,0,0,0
0,0,0,0
0,0,0,0
0,0,0,0
0,0,0,0
0,0,0,0
0,0,0,0
0,0,0,0
0,0,0,0
0,0,0,0
0,0,0,0
0,0,0,0
0,0,0,0
0,0,0,0
0,0,0,0
0,0,0,0
0,0,0,0
0,0,0,0
0,0,0,0
0,0,0,0
0,0,0,0
0,0,0,0
0,0,0,0
0,0,0,0
-69.6521284058646,0,0,0
0,0,0,0
0,0,0,0
-154.541328720309,0,0,0
0,0,0,0
0,0,0,0
0,0,0,0
-179.427255736465,0,0,0
0,0,0,0
0,0,0,0
0,0,0,0
0,0,0,0
-199.187953050219,0,0,0
-69.538589602646,0,0,0
0,0,0,0
0,0,0,0
0,0,0,0
0,0,0,0
0,0,0,0
0,0,0,0
-68.657459724145,0,0,0
0,0,0,0
-164.659072400746,0,0,0
0,0,0,0
0,-45.8891214948169,0,0
0,-45.3437587177955,0,0
-153.645435968686,-39.6211668509538,0,0
-157.425282176417,-40.0955134226502,0,0
0,-38.466889813748,0,0
0,-37.8036452100459,0,0
0,-35.0807252856679,0,0
0,-36.2620572868623,0,0
0,-37.549380045779,0,0
-175.797352337953,-35.7627325210506,0,0
0,-38.1896132587967,0,0
0,-40.2945442607796,0,0
0,-41.4444650096524,0,0
0,-42.57117384271,0,0
0,-44.1232847189307,0,0
0,-44.0798288898121,0,0
0,-43.9038039859834,0,0
0,-43.5302432992479,0,0
-144.250004670112,-44.5369961226628,0,0
0,-43.3150236345933,0,0
0,-43.6788047894714,0,0
0,-43.4036787869786,0,0
0,-43.0474327385587,0,0
0,-43.6726717702629,0,0
0,-43.2667080112087,0,0
0,-41.5052822898954,0,0
0,-40.1150907562913,0,0
0,-38.3207661288359,0,0
0,-37.3817891230486,0,0
0,0,0,0
0,0,0,0
0,0,0,0
0,0,0,0
0,0,0,0
0,0,0,0
0,0,0,0
0,0,0,0
0,0,0,0
71.0436976624739,0,0,0
125.671034261794,0,0,0
0,0,0,0
0,0,0,0
0,0,0,0
0,0,0,0
0,0,0,0
157.662351164002,0,0,0
0,0,0,0
156.056159687787,0,0,0
0,0,0,0
0,0,0,0
0,0,0,0
0,0,0,0
142.003290279126,0,0,0
0,0,0,0
0,0,0,0
84.2083329232145,0,0,0
79.6293681001856,0,0,0
77.1475731344443,0,0,0
0,0,0,0
0,0,0,0
81.2080195502969,0,0,0
0,0,0,0
0,0,0,0
0,0,0,0
132.619570598887,0,0,0
0,0,0,0
0,0,0,0
0,41.5860380153131,0,0
0,49.3246338132287,0,0
0,53.3129244121157,0,0
0,51.5873497752736,0,0
0,52.7098299112794,0,0
-89.7162576008885,56.1642484571936,0,0
0,55.7668689068323,0,0
118.873426048322,60.7189612761886,0,0
0,55.7027886464254,0,0
0,55.1556527968561,0,0
0,47.3999415872215,0,0
-96.6320036192879,42.2897307707834,0,0
0,47.0473087854314,0,0
0,36.8996972840567,0,0
-97.4693171431739,0,0,0
195.580684471247,0,0,0
0,0,0,0
0,0,0,0
-77.7320041978565,0,0,0
0,0,0,0
0,0,0,0
0,0,0,0
0,0,0,0
0,0,0,0
0,0,0,0
0,0,0,0
-68.5329118355661,0,0,0
0,0,0,0
0,0,0,0
0,0,0,0
0,0,0,0
0,0,0,0
0,0,0,0
0,0,0,0
0,0,0,0
0,0,0,0
0,0,0,0
0,0,0,0
0,0,0,0
0,0,0,0
0,0,0,0
0,0,0,0
0,0,0,0
0,0,0,0
0,0,0,0
0,0,0,0
0,0,0,0
0,0,0,0
0,0,0,0
0,0,0,0
0,0,0,0
0,0,0,0
0,0,0,0
0,0,0,0
0,0,0,0
0,0,0,0
0,0,0,0
0,0,0,0
0,0,0,0
0,0,0,0
0,0,0,0
0,0,0,0
0,0,0,0
0,0,0,0
0,0,0,0
0,0,0,0
0,0,0,0
0,0,0,0
0,0,0,0
0,0,0,0
0,0,0,0
0,0,0,0
0,0,0,0
0,0,0,0
0,0,0,0
0,0,0,0
0,0,0,0
0,0,0,0
0,0,0,0
0,0,0,0
0,0,0,0
-115.585133538943,0,0,0
0,0,0,0
0,0,0,0
0,0,0,0
0,0,0,0
0,0,0,0
116.937229080274,0,0,0
0,0,0,0
0,0,0,0
0,0,0,0
0,0,0,0
0,0,0,0
127.829123854981,0,0,0
0,0,0,0
0,0,0,0
0,0,0,0
-79.1438790769776,0,0,0
0,0,0,0
127.559377071959,0,0,0
0,0,0,0
0,0,0,0
0,0,-540.000062221744,0
0,0,0,0
0,0,-425.8721485485,0
0,0,0,0
0,0,-505.464979542867,0
0,0,0,0
0,0,0,0
0,0,0,0
0,0,0,0
0,0,0,0
0,0,0,0
135.323693312618,0,0,0
0,0,0,0
0,0,0,0
0,0,0,0
0,0,0,0
0,0,0,0
0,0,0,0
0,0,0,0
0,0,0,0
0,0,0,0
0,0,0,0
0,0,0,0
0,0,0,0
0,0,0,0
0,0,0,0
0,0,0,0
0,0,0,0
0,0,0,0
0,0,0,0
0,0,0,0
0,0,0,0
0,0,0,0
0,0,0,0
0,0,0,0
0,0,0,0
0,0,0,0
0,0,0,0
0,0,0,0
0,0,0,0
0,0,0,0
0,0,0,0
0,0,0,0
0,0,0,0
0,0,0,0
0,0,0,0
0,0,0,0
0,0,0,0
0,0,0,0
0,0,0,0
0,0,0,0
0,0,0,0
0,0,0,0
0,0,0,0
0,0,0,0
0,0,0,0
0,0,0,0
0,0,0,0
0,0,0,0
0,0,0,0
0,0,0,0
0,0,0,0
0,0,0,0
0,0,0,0
0,0,0,0
0,0,0,0
0,0,0,0
0,0,0,0
0,0,0,0
0,0,0,0
0,0,0,0
0,0,0,0
0,0,0,0
0,0,0,0
0,0,0,0
0,0,0,0
0,0,0,0
0,0,0,0
0,0,0,0
0,0,0,0
0,0,0,0
0,0,0,0
0,0,0,0
0,0,0,0
0,0,0,0
0,0,0,0
0,0,0,0
0,0,0,0
0,0,0,0
0,0,0,0
0,0,0,0
0,0,0,0
0,0,0,0
0,0,0,0
0,0,0,0
0,0,0,0
0,0,0,0
0,0,0,0
0,0,0,0
0,0,0,0
0,0,0,0
0,0,0,0
0,0,0,0
0,0,0,0
0,0,0,0
0,0,0,0
0,0,0,0
0,0,0,0
0,0,0,0
0,0,0,0
0,0,0,0
0,0,0,0
0,0,0,0
0,0,0,0
0,0,0,0
0,0,0,0
0,0,0,0
0,0,0,0
0,0,0,0
0,0,0,0
0,0,0,0
0,0,0,0
0,0,0,0
0,0,0,0
0,0,0,0
0,0,0,0
0,0,0,0
0,0,0,0
0,0,0,0
0,0,0,0
0,0,0,0
0,0,0,0
0,0,0,0
0,0,0,0
0,0,0,0
0,0,0,0
0,0,0,0
0,0,0,0
0,0,0,0
0,0,0,0
0,0,0,0
0,0,0,0
0,0,0,0
0,0,0,0
0,0,0,0
0,0,0,0
0,0,0,0
0,0,0,0
0,0,0,0
0,0,0,0
0,0,0,0
0,0,0,0
0,0,0,0
0,0,0,0
0,0,0,0
0,0,0,0
0,0,0,0
0,0,0,0
0,0,0,0
0,0,0,0
0,0,0,0
0,0,0,0
0,0,0,0
0,0,0,0
0,0,0,0
0,0,0,0
0,0,0,0
0,0,0,0
0,0,0,0
0,0,0,0
0,0,0,0
0,0,0,0
0,0,0,0
0,0,0,0
0,0,0,0
0,0,0,0
0,0,0,0
0,0,0,0
0,0,0,0
0,0,0,0
0,0,0,0
0,0,0,0
0,0,0,0
0,0,0,0
0,0,0,0
0,0,0,0
0,0,0,0
0,0,0,0
0,0,0,0
0,0,0,0
0,0,0,0
0,0,0,0
0,0,0,0
0,0,0,0
0,0,0,0
0,0,0,0
0,0,0,0
0,0,0,0
0,0,0,0
0,0,0,0
0,0,0,0
0,0,0,0
0,0,0,0
0,0,0,0
0,0,0,0
0,0,0,0
0,0,0,0
0,0,0,0
0,0,0,0
0,0,0,0
0,0,0,0
0,0,0,0
0,0,0,0
0,0,0,0
0,0,0,0
0,0,0,0
0,0,0,0
0,0,0,0
0,0,0,0
0,0,0,0
0,0,0,0
0,0,0,0
0,0,0,0
0,0,0,0
0,0,0,0
0,0,0,0
0,0,0,0
0,0,0,0
0,0,0,0
0,0,0,0
0,0,0,0
0,0,0,0
0,0,0,0
0,0,0,0
0,0,0,0
0,0,0,0
0,0,0,0
0,0,0,0
0,0,0,0
0,0,0,0
0,0,0,0
0,0,0,0
0,0,0,0
0,0,0,0
0,0,0,0
0,0,0,0
0,0,0,0
0,0,0,0
0,0,0,0
0,0,0,0
0,0,0,0
0,0,0,0
0,0,0,0
0,0,0,0
0,0,0,0
0,0,0,0
0,0,0,0
0,0,0,0
0,0,0,0
0,0,0,0
0,0,0,0
0,0,0,0
0,0,0,0
-133.57013093883,0,0,0
-92.6004241042176,0,0,0
0,0,0,0
0,0,0,0
0,0,0,0
0,0,0,0
0,0,0,0
0,0,0,0
0,0,0,0
0,0,0,0
0,0,0,0
0,0,0,0
-81.589580014142,0,0,0
0,0,0,0
0,0,0,0
0,0,0,0
0,0,0,0
0,0,0,0
0,0,0,0
0,0,0,0
0,0,0,0
0,0,0,0
0,0,0,0
0,0,0,0
0,0,0,0
0,0,0,0
0,0,0,0
0,0,0,0
0,0,0,0
0,0,0,0
0,0,-2764.08832562974,0
0,0,0,0
0,0,0,0
0,0,0,0
0,0,0,0
0,0,0,0
0,0,0,0
0,0,0,0
0,0,0,0
0,0,0,0
0,0,0,0
0,0,0,0
0,0,0,0
0,0,0,0
0,0,0,0
0,0,0,0
0,0,0,0
0,0,0,0
0,0,0,0
0,0,0,0
0,0,0,0
0,0,0,0
0,0,0,0
0,0,0,0
0,0,0,0
0,0,0,0
0,0,0,0
0,0,0,0
0,0,0,0
0,0,0,0
0,0,0,0
0,0,0,0
0,0,0,0
0,0,0,0
0,0,0,0
0,0,0,0
0,0,0,0
0,0,0,0
0,0,0,0
0,0,0,0
0,0,0,0
0,0,0,0
0,0,0,0
0,0,0,0
0,0,0,0
0,0,0,0
0,0,0,0
0,0,0,0
0,0,0,0
0,0,0,0
0,0,-426.255938999973,0
0,0,-592.532965512258,0
0,0,-758.841591563523,0
0,0,0,0
0,0,0,0
0,0,0,0
0,0,0,0
0,0,0,0
0,0,0,0
0,0,0,0
0,0,0,0
0,0,0,0
0,0,0,0
0,0,0,0
0,0,0,0
0,0,0,0
0,0,0,0
0,0,0,0
0,0,0,0
0,0,0,0
0,0,0,0
0,0,0,0
0,0,0,0
0,0,0,0
0,0,0,0
0,0,0,0
0,0,0,0
0,0,0,0
0,0,0,0
78.0961448017641,0,0,0
0,0,0,0
0,0,0,0
0,0,0,0
110.694486975798,0,0,0
145.280800816086,0,0,0
157.187649236321,0,0,0
0,0,0,0
0,0,525.392568396997,0
0,0,620.532077277981,0
0,0,878.776649487544,0
0,0,676.566349941324,0
0,0,621.051056486095,0
0,0,484.091331313882,0
0,0,0,0
0,0,0,0
-115.521957146707,0,0,0
-129.184277710668,0,0,0
0,0,0,0
0,0,-423.622830398914,0
0,0,0,0
0,0,0,0
0,0,0,0
0,0,0,0
0,0,0,0
0,0,-384.610084609687,0
0,0,0,0
0,0,0,0
0,0,0,0
0,0,0,0
0,0,0,0
0,0,0,0
0,0,0,0
0,0,0,0
0,0,0,0
0,0,0,0
0,0,0,0
0,0,0,0
0,0,0,0
0,0,0,0
0,0,0,0
0,0,0,0
0,0,-404.352660919816,0
0,0,-477.517345571932,0
0,0,0,0
0,0,0,0
0,0,0,0
0,0,0,0
0,0,412.283610121834,0
0,0,0,0
0,0,496.33434046309,0
0,0,0,0
0,0,0,0
0,0,0,0
0,0,0,0
0,0,0,0
0,0,0,0
0,0,383.791888470481,0
0,0,0,0
0,0,0,0
0,0,0,0
0,0,0,0
0,0,0,0
0,0,0,0
0,0,0,0
0,0,0,0
0,0,0,0
0,0,0,0
0,0,0,0
0,0,0,0
0,0,0,0
0,0,0,0
0,0,0,0
0,0,0,0
0,0,0,0
0,0,0,0
0,0,0,0
0,0,0,0
0,0,0,0
0,0,0,0
0,0,0,0
0,0,0,0
0,0,0,0
0,0,0,0
0,0,0,0
0,0,0,0
0,0,0,0
0,0,0,0
0,0,0,0
0,0,0,0
0,0,0,0
0,0,0,0
0,0,0,0
0,0,0,0
0,0,0,0
0,0,0,0
0,0,0,0
0,0,0,0
0,0,0,0
0,0,0,0
0,0,0,0
0,0,0,0
0,0,0,0
0,0,0,0
0,0,0,0
0,0,0,0
0,0,0,0
0,0,0,0
0,0,0,0
0,0,462.20940798063,0
0,0,0,0
0,0,0,0
0,0,0,0
0,0,0,46.0702485081481
0,0,0,0
0,0,0,0
0,0,404.349882264584,0
0,0,0,0
0,0,-571.864888726831,0
0,0,-447.234085705938,0
0,0,0,49.590516629542
0,0,0,47.6218046854017
0,0,0,44.4631496791161
0,0,0,0
0,0,0,0
0,0,0,0
0,0,0,0
0,0,0,0
0,0,0,0
0,0,0,0
0,0,0,0
0,0,0,0
0,0,0,0
0,0,0,0
0,0,0,0
0,0,0,0
0,0,0,0
0,0,0,0
0,0,0,0
0,0,0,0
0,0,0,0
0,0,0,0
0,0,0,0
0,0,0,0
0,0,0,0
0,0,0,0
0,0,0,62.2140054251299
0,0,0,0
0,0,-553.157523733818,0
0,0,0,0
0,0,0,0
